   2.4403762e+04   6.2201378e-04
   2.6681012e+04   6.1301006e-04
   2.8903407e+04   6.0690090e-04
   3.1109984e+04   6.0479393e-04
   3.3373986e+04   5.9894290e-04
   3.5669189e+04   5.8653357e-04
   3.7738261e+04   5.8292688e-04
   3.9880362e+04   5.7887339e-04
   4.2157743e+04   5.7620450e-04
   4.4395726e+04   5.6965889e-04
   4.6570569e+04   5.6447671e-04
   4.8831438e+04   5.5888186e-04
   5.0895717e+04   5.5980056e-04
   5.3305265e+04   5.5254899e-04
   5.5305422e+04   5.5159762e-04
   5.7478310e+04   5.4824861e-04
   5.9811116e+04   5.4302143e-04
   6.1848038e+04   5.4149139e-04
   6.4150107e+04   5.3433639e-04
   6.6359109e+04   5.2995046e-04
   2.0016384e+04   6.4981948e-04
   2.2166263e+04   6.2990922e-04
   2.4369126e+04   6.2121002e-04
   2.6817843e+04   6.1253698e-04
   2.9150757e+04   6.0973789e-04
   3.1355946e+04   6.0345605e-04
   3.3662292e+04   5.9612138e-04
   3.5933032e+04   5.9526438e-04
   3.8151493e+04   5.9058329e-04
   4.0438207e+04   5.8319013e-04
   4.2823756e+04   5.7588365e-04
   4.4908783e+04   5.7338750e-04
   4.7237954e+04   5.6678919e-04
   4.9543211e+04   5.6451205e-04
   5.1872314e+04   5.5957870e-04
   5.4150833e+04   5.5466637e-04
   5.6414461e+04   5.5017744e-04
   5.8655786e+04   5.4701630e-04
   6.0921327e+04   5.4149423e-04
   6.3133483e+04   5.3679637e-04
   6.5378858e+04   5.3305325e-04
   6.7715044e+04   5.2568751e-04
   2.0564556e+01   5.4394680e-02
   3.5494365e+01   3.2765307e-02
   5.1990853e+01   2.2173477e-02
   6.8855853e+01   1.6761974e-02
   8.5337397e+01   1.3651959e-02
   1.0371051e+02   1.1243529e-02
   1.2054785e+02   9.7015590e-03
   1.3651713e+02   8.6554185e-03
   1.5400532e+02   8.1174305e-03
   1.7105747e+02   7.8651430e-03
   1.8825944e+02   7.5021615e-03
   2.0794254e+02   7.0361676e-03
   2.2566725e+02   6.6668907e-03
   2.4408118e+02   6.3335202e-03
   2.6411958e+02   6.0305578e-03
   2.8436628e+02   5.7808358e-03
   3.0858470e+02   5.5050593e-03
   3.3063781e+02   5.1758764e-03
   3.5438970e+02   4.9944173e-03
   3.7692842e+02   4.7870227e-03
   3.7645465e+02   4.7786242e-03
   3.5580404e+02   4.9637807e-03
   3.4005429e+02   5.0681278e-03
   3.1854474e+02   5.2745549e-03
   3.0007768e+02   5.4742215e-03
   2.8095144e+02   5.6982551e-03
   2.6388918e+02   5.9681771e-03
   2.4499986e+02   6.2265687e-03
   2.2553609e+02   6.5785256e-03
   2.0539068e+02   6.8697891e-03
   1.8643036e+02   7.4500982e-03
   1.6638627e+02   7.9500801e-03
   1.4792345e+02   8.1432950e-03
   1.2802260e+02   9.0533726e-03
   1.0681724e+02   1.0861110e-02
   8.7619780e+01   1.3300474e-02
   6.8418807e+01   1.6981622e-02
   4.9415591e+01   2.3731769e-02
   3.1089156e+01   3.8064122e-02
   1.6803214e+02   8.1388788e-03
   2.2217753e+02   6.7708986e-03
   2.7586577e+02   5.7498938e-03
   3.3483969e+02   5.0619729e-03
   3.8706093e+02   4.6731513e-03
   4.4045855e+02   4.3192226e-03
   4.9657579e+02   3.9917921e-03
   5.4935245e+02   3.7720630e-03
   6.0465220e+02   3.5639692e-03
   6.6590457e+02   3.3728172e-03
   7.2127112e+02   3.2174728e-03
   7.7891472e+02   3.0818375e-03
   8.3995117e+02   2.9406217e-03
   8.9414584e+02   2.8564323e-03
   9.6459920e+02   2.7009108e-03
   1.0255563e+03   2.6055354e-03
   7.9178866e+02   3.1162969e-03
   9.1955886e+02   2.8206037e-03
   1.0381716e+03   2.6416578e-03
   1.1684904e+03   2.4369927e-03
   1.2969426e+03   2.2843250e-03
   1.4189811e+03   2.1866417e-03
   1.5566088e+03   2.0783263e-03
   1.6896794e+03   1.9668678e-03
   1.8123975e+03   1.9020932e-03
   1.9495452e+03   1.8096503e-03
   2.0785501e+03   1.7462913e-03
   2.2226711e+03   1.6777242e-03
   2.3484992e+03   1.6299706e-03
   2.4873480e+03   1.5717451e-03
   2.6253325e+03   1.5231495e-03
   2.7580731e+03   1.4834314e-03
   2.8975422e+03   1.4440459e-03
   3.0477681e+03   1.4083450e-03
   3.1982232e+03   1.3665899e-03
   3.3383965e+03   1.3407160e-03
   3.4819729e+03   1.3142676e-03
   3.6453707e+03   1.2755494e-03
   3.8074127e+03   1.2473031e-03
   3.9613706e+03   1.2213147e-03
   4.1209800e+03   1.1953927e-03
   4.2726233e+03   1.1764989e-03
   4.4424047e+03   1.1497553e-03
   4.6075038e+03   1.1276814e-03
   4.7769860e+03   1.1130956e-03
   4.9569710e+03   1.0918796e-03
   2.9272365e+03   1.4008963e-03
   3.4841866e+03   1.2938250e-03
   4.0533387e+03   1.1990946e-03
   4.6395715e+03   1.1279760e-03
   5.2086381e+03   1.0660205e-03
   5.7759247e+03   1.0164336e-03
   6.3363128e+03   9.7825322e-04
   6.9586989e+03   9.3570122e-04
   7.5445748e+03   9.0273989e-04
   8.1125377e+03   8.7796516e-04
   8.7625148e+03   8.5004167e-04
   9.3178540e+03   8.3450828e-04
   9.9166652e+03   8.1322514e-04
   1.0517693e+04   7.9375448e-04
   1.1134453e+04   7.7948614e-04
   1.1753920e+04   7.6252362e-04
   1.2348887e+04   7.4871831e-04
   1.2999824e+04   7.2976069e-04
   1.3647732e+04   7.1913394e-04
   1.4296710e+04   7.0770672e-04
   1.4922823e+04   6.9599450e-04
   1.5593084e+04   6.8354001e-04
   1.6244933e+04   6.7395525e-04
   1.6912738e+04   6.6734941e-04
   1.7568019e+04   6.6224237e-04
   1.8325486e+04   6.5320120e-04
   3.0287652e+04   5.9648691e-04
   3.2667979e+04   5.8638869e-04
   3.4766254e+04   5.8095996e-04
   3.6817635e+04   5.7575453e-04
   3.8875794e+04   5.7352789e-04
   4.1197432e+04   5.6732918e-04
   4.3312911e+04   5.6370542e-04
   3.2076924e+04   5.9111842e-04
   3.4253283e+04   5.8490683e-04
   3.6366025e+04   5.8156073e-04
   3.8561715e+04   5.7313595e-04
   4.0785804e+04   5.6888894e-04
   4.2938354e+04   5.6459668e-04
   3.9253099e+03   1.2453736e-03
   4.5810604e+03   1.1533780e-03
   5.3047441e+03   1.0723402e-03
   5.9176325e+03   1.0124569e-03
   6.5711922e+03   9.5730790e-04
   7.2418652e+03   9.0882048e-04
   7.9533962e+03   8.7137752e-04
   8.6255881e+03   8.4398014e-04
   9.2555155e+03   8.2649002e-04
   9.9792344e+03   7.9855672e-04
   1.0636868e+04   7.7761267e-04
   1.1337067e+04   7.5693073e-04
   1.1987995e+04   7.4260161e-04
   1.2672032e+04   7.2980604e-04
   1.3346036e+04   7.1581679e-04
   1.3972703e+04   7.0880965e-04
   1.4671442e+04   6.9807334e-04
   1.5411337e+04   6.8411651e-04
   1.6021634e+04   6.8043573e-04
   1.6699956e+04   6.7368998e-04
   1.7381178e+04   6.7075426e-04
