   2.0564556e+01   1.0363992e+00
   3.1089156e+01   1.0312350e+00
   3.5494365e+01   1.0264896e+00
   4.9415591e+01   1.0225287e+00
   5.1990853e+01   1.0199198e+00
   6.8418807e+01   1.0193229e+00
   6.8855853e+01   1.0214808e+00
   8.5337397e+01   1.0278385e+00
   8.7619780e+01   1.0399024e+00
   1.0371051e+02   1.0591246e+00
   1.0681724e+02   1.0869936e+00
   1.2054785e+02   1.1240187e+00
   1.2802260e+02   1.1691527e+00
   1.3651713e+02   1.2202298e+00
   1.4792345e+02   1.2730745e+00
   1.5400532e+02   1.3224963e+00
   1.6638627e+02   1.3635875e+00
   1.6803214e+02   1.3936638e+00
   1.7105747e+02   1.4103760e+00
   1.8643036e+02   1.4159857e+00
   1.8825944e+02   1.4126714e+00
   2.0539068e+02   1.4040726e+00
   2.0794254e+02   1.3929794e+00
   2.2217753e+02   1.3816643e+00
   2.2553609e+02   1.3714280e+00
   2.2566725e+02   1.3628321e+00
   2.4408118e+02   1.3569261e+00
   2.4499986e+02   1.3536667e+00
   2.6388918e+02   1.3529368e+00
   2.6411958e+02   1.3540098e+00
   2.7586577e+02   1.3560552e+00
   2.8095144e+02   1.3573714e+00
   2.8436628e+02   1.3584254e+00
   3.0007768e+02   1.3593344e+00
   3.0858470e+02   1.3599662e+00
   3.1854474e+02   1.3619977e+00
   3.3063781e+02   1.3649519e+00
   3.3483969e+02   1.3682806e+00
   3.4005429e+02   1.3721040e+00
   3.5438970e+02   1.3759473e+00
   3.5580404e+02   1.3789843e+00
   3.7645465e+02   1.3821201e+00
   3.7692842e+02   1.3856207e+00
   3.8706093e+02   1.3892081e+00
   4.4045855e+02   1.3933114e+00
   4.9657579e+02   1.3980746e+00
   5.4935245e+02   1.4026977e+00
   6.0465220e+02   1.4072493e+00
   6.6590457e+02   1.4111332e+00
   7.2127112e+02   1.4142732e+00
   7.7891472e+02   1.4162370e+00
   7.9178866e+02   1.4173610e+00
   8.3995117e+02   1.4177473e+00
   8.9414584e+02   1.4178140e+00
   9.1955886e+02   1.4180103e+00
   9.6459920e+02   1.4186646e+00
   1.0255563e+03   1.4195372e+00
   1.0381716e+03   1.4204353e+00
   1.1684904e+03   1.4210678e+00
   1.2969426e+03   1.4213562e+00
   1.4189811e+03   1.4209413e+00
   1.5566088e+03   1.4202822e+00
   1.6896794e+03   1.4193079e+00
   1.8123975e+03   1.4182824e+00
   1.9495452e+03   1.4175600e+00
   2.0785501e+03   1.4168578e+00
   2.2226711e+03   1.4169635e+00
   2.3484992e+03   1.4180795e+00
   2.4873480e+03   1.4205860e+00
   2.6253325e+03   1.4246636e+00
   2.7580731e+03   1.4306088e+00
   2.8975422e+03   1.4379550e+00
   2.9272365e+03   1.4463529e+00
   3.0477681e+03   1.4550961e+00
   3.1982232e+03   1.4636374e+00
   3.3383965e+03   1.4706194e+00
   3.4819729e+03   1.4761919e+00
   3.4841866e+03   1.4801045e+00
   3.6453707e+03   1.4828238e+00
   3.8074127e+03   1.4848130e+00
   3.9253099e+03   1.4871015e+00
   3.9613706e+03   1.4896137e+00
   4.0533387e+03   1.4930805e+00
   4.1209800e+03   1.4974753e+00
   4.2726233e+03   1.5024868e+00
   4.4424047e+03   1.5076465e+00
   4.5810604e+03   1.5132077e+00
   4.6075038e+03   1.5184406e+00
   4.6395715e+03   1.5227572e+00
   4.7769860e+03   1.5263797e+00
   4.9569710e+03   1.5285309e+00
   5.2086381e+03   1.5300735e+00
   5.3047441e+03   1.5308476e+00
   5.7759247e+03   1.5317358e+00
   5.9176325e+03   1.5329219e+00
   6.3363128e+03   1.5349421e+00
   6.5711922e+03   1.5389089e+00
   6.9586989e+03   1.5446183e+00
   7.2418652e+03   1.5525400e+00
   7.5445748e+03   1.5619652e+00
   7.9533962e+03   1.5722875e+00
   8.1125377e+03   1.5823527e+00
   8.6255881e+03   1.5916057e+00
   8.7625148e+03   1.5987020e+00
   9.2555155e+03   1.6036224e+00
   9.3178540e+03   1.6064028e+00
   9.9166652e+03   1.6074804e+00
   9.9792344e+03   1.6078993e+00
   1.0517693e+04   1.6084769e+00
   1.0636868e+04   1.6097206e+00
   1.1134453e+04   1.6122210e+00
   1.1337067e+04   1.6156171e+00
   1.1753920e+04   1.6203009e+00
   1.1987995e+04   1.6256028e+00
   1.2348887e+04   1.6316077e+00
   1.2672032e+04   1.6376526e+00
   1.2999824e+04   1.6438135e+00
   1.3346036e+04   1.6498752e+00
   1.3647732e+04   1.6557451e+00
   1.3972703e+04   1.6612854e+00
   1.4296710e+04   1.6674982e+00
   1.4671442e+04   1.6753101e+00
   1.4922823e+04   1.6851148e+00
   1.5411337e+04   1.6977708e+00
   1.5593084e+04   1.7123625e+00
   1.6021634e+04   1.7286574e+00
   1.6244933e+04   1.7445948e+00
   1.6699956e+04   1.7596337e+00
   1.6912738e+04   1.7719674e+00
   1.7381178e+04   1.7826426e+00
   1.7568019e+04   1.7914795e+00
   1.8325486e+04   1.7990486e+00
   2.0016384e+04   1.8055878e+00
   2.2166263e+04   1.8119540e+00
   2.4369126e+04   1.8178971e+00
   2.4403762e+04   1.8233045e+00
   2.6681012e+04   1.8278954e+00
   2.6817843e+04   1.8317587e+00
   2.8903407e+04   1.8347487e+00
   2.9150757e+04   1.8360406e+00
   3.0287652e+04   1.8357812e+00
   3.1109984e+04   1.8344929e+00
   3.1355946e+04   1.8334379e+00
   3.2076924e+04   1.8319876e+00
   3.2667979e+04   1.8314911e+00
   3.3373986e+04   1.8331911e+00
   3.3662292e+04   1.8365614e+00
   3.4253283e+04   1.8405013e+00
   3.4766254e+04   1.8445281e+00
   3.5669189e+04   1.8486109e+00
   3.5933032e+04   1.8519173e+00
   3.6366025e+04   1.8532947e+00
   3.6817635e+04   1.8532769e+00
   3.7738261e+04   1.8520710e+00
   3.8151493e+04   1.8514879e+00
   3.8561715e+04   1.8504215e+00
   3.8875794e+04   1.8496505e+00
   3.9880362e+04   1.8496795e+00
   4.0438207e+04   1.8526580e+00
   4.0785804e+04   1.8569629e+00
   4.1197432e+04   1.8626334e+00
   4.2157743e+04   1.8693055e+00
   4.2823756e+04   1.8769710e+00
   4.2938354e+04   1.8838620e+00
   4.3312911e+04   1.8878397e+00
   4.4395726e+04   1.8890450e+00
   4.4908783e+04   1.8879849e+00
   4.6570569e+04   1.8844748e+00
   4.7237954e+04   1.8782073e+00
   4.8831438e+04   1.8710468e+00
   4.9543211e+04   1.8634784e+00
   5.0895717e+04   1.8557935e+00
   5.1872314e+04   1.8476703e+00
   5.3305265e+04   1.8398707e+00
   5.4150833e+04   1.8325641e+00
   5.5305422e+04   1.8250168e+00
   5.6414461e+04   1.8165392e+00
   5.7478310e+04   1.8075488e+00
   5.8655786e+04   1.7981745e+00
   5.9811116e+04   1.7880791e+00
   6.0921327e+04   1.7769839e+00
   6.1848038e+04   1.7656778e+00
   6.3133483e+04   1.7539935e+00
   6.4150107e+04   1.7428601e+00
   6.5378858e+04   1.7318438e+00
   6.6359109e+04   1.7213812e+00
   6.7715044e+04   1.7110797e+00
