   1.7993940e+02   4.3560000e+04   0.0000000e+00   7.9872900e+01   1.1352000e+04   0.0000000e+00   1.7993940e+02   1.6695276e+00   0.0000000e+00   7.9872900e+01   9.8017795e-01   0.0000000e+00   1.7015800e+02   3.5940000e+04   0.0000000e+00   7.0004600e+01   6.6600000e+03   0.0000000e+00   1.7015800e+02   2.0707398e+00   0.0000000e+00   7.0004600e+01   9.3271182e-01
   1.7813640e+02   4.2960000e+04   0.0000000e+00   8.1675900e+01   1.1712000e+04   0.0000000e+00   1.7813640e+02   1.6631966e+00   0.0000000e+00   8.1675900e+01   9.8893815e-01   0.0000000e+00   1.6787400e+02   3.5340000e+04   0.0000000e+00   7.1717600e+01   6.9000000e+03   0.0000000e+00   1.6787400e+02   2.0638728e+00   0.0000000e+00   7.1717600e+01   9.4324209e-01
   1.7651370e+02   4.2360000e+04   0.0000000e+00   8.3298600e+01   1.2000000e+04   0.0000000e+00   1.7651370e+02   1.6550439e+00   0.0000000e+00   8.3298600e+01   9.9351755e-01   0.0000000e+00   1.6673200e+02   3.4800000e+04   0.0000000e+00   7.3430600e+01   7.1400000e+03   0.0000000e+00   1.6673200e+02   2.0462567e+00   0.0000000e+00   7.3430600e+01   9.5328106e-01
   1.7489100e+02   4.1760000e+04   0.0000000e+00   8.5101600e+01   1.2360000e+04   0.0000000e+00   1.7489100e+02   1.6467400e+00   0.0000000e+00   8.5101600e+01   1.0016425e+00   0.0000000e+00   1.6444800e+02   3.4200000e+04   0.0000000e+00   7.5143600e+01   7.3800000e+03   0.0000000e+00   1.6444800e+02   2.0389066e+00   0.0000000e+00   7.5143600e+01   9.6286232e-01
   1.7308800e+02   4.1160000e+04   0.0000000e+00   8.6724300e+01   1.2600000e+04   0.0000000e+00   1.7308800e+02   1.6399870e+00   0.0000000e+00   8.6724300e+01   1.0019862e+00   0.0000000e+00   1.6330600e+02   3.3600000e+04   0.0000000e+00   7.6856600e+01   7.6200000e+03   0.0000000e+00   1.6330600e+02   2.0171443e+00   0.0000000e+00   7.6856600e+01   9.7201649e-01
   1.7146530e+02   4.0560000e+04   0.0000000e+00   8.8347000e+01   1.2960000e+04   0.0000000e+00   1.7146530e+02   1.6313746e+00   0.0000000e+00   8.8347000e+01   1.0116847e+00   0.0000000e+00   1.6102200e+02   3.3060000e+04   0.0000000e+00   7.8569600e+01   7.9200000e+03   0.0000000e+00   1.6102200e+02   2.0128780e+00   0.0000000e+00   7.8569600e+01   9.8825829e-01
   1.6966230e+02   3.9960000e+04   0.0000000e+00   9.0150000e+01   1.3200000e+04   0.0000000e+00   1.6966230e+02   1.6243220e+00   0.0000000e+00   9.0150000e+01   1.0098112e+00   0.0000000e+00   1.5988000e+02   3.2460000e+04   0.0000000e+00   8.0168400e+01   8.2200000e+03   0.0000000e+00   1.5988000e+02   1.9904634e+00   0.0000000e+00   8.0168400e+01   1.0052369e+00
   1.6803960e+02   3.9360000e+04   0.0000000e+00   9.1772700e+01   1.3560000e+04   0.0000000e+00   1.6803960e+02   1.6153828e+00   0.0000000e+00   9.1772700e+01   1.0190094e+00   0.0000000e+00   1.5873800e+02   3.1860000e+04   0.0000000e+00   8.1881400e+01   8.6400000e+03   0.0000000e+00   1.5873800e+02   1.9677263e+00   0.0000000e+00   8.1881400e+01   1.0344948e+00
   1.6641690e+02   3.8760000e+04   0.0000000e+00   9.3575700e+01   1.3920000e+04   0.0000000e+00   1.6641690e+02   1.6062692e+00   0.0000000e+00   9.3575700e+01   1.0259074e+00   0.0000000e+00   1.5645400e+02   3.1320000e+04   0.0000000e+00   8.3594400e+01   9.0600000e+03   0.0000000e+00   1.5645400e+02   1.9626141e+00   0.0000000e+00   8.3594400e+01   1.0625536e+00
   1.6461390e+02   3.8040000e+04   0.0000000e+00   9.5198400e+01   1.4280000e+04   0.0000000e+00   1.6461390e+02   1.5936979e+00   0.0000000e+00   9.5198400e+01   1.0345001e+00   0.0000000e+00   1.5531200e+02   3.0720000e+04   0.0000000e+00   8.5307400e+01   9.4800000e+03   0.0000000e+00   1.5531200e+02   1.9391706e+00   0.0000000e+00   8.5307400e+01   1.0894855e+00
   1.6299120e+02   3.7440000e+04   0.0000000e+00   9.6821100e+01   1.4640000e+04   0.0000000e+00   1.6299120e+02   1.5841769e+00   0.0000000e+00   9.6821100e+01   1.0428049e+00   0.0000000e+00   1.5302800e+02   3.0180000e+04   0.0000000e+00   8.7020400e+01   9.9000000e+03   0.0000000e+00   1.5302800e+02   1.9335177e+00   0.0000000e+00   8.7020400e+01   1.1153571e+00
   1.6118820e+02   3.6840000e+04   0.0000000e+00   9.8624100e+01   1.5120000e+04   0.0000000e+00   1.6118820e+02   1.5762256e+00   0.0000000e+00   9.8624100e+01   1.0573061e+00   0.0000000e+00   1.5188600e+02   2.9640000e+04   0.0000000e+00   8.8733400e+01   1.0380000e+04   0.0000000e+00   1.5188600e+02   1.9131996e+00   0.0000000e+00   8.8733400e+01   1.1468591e+00
   1.5956550e+02   3.6360000e+04   0.0000000e+00   1.0024680e+02   1.5600000e+04   0.0000000e+00   1.5956550e+02   1.5715090e+00   0.0000000e+00   1.0024680e+02   1.0732134e+00   0.0000000e+00   1.4960200e+02   2.9040000e+04   0.0000000e+00   9.0332200e+01   1.0860000e+04   0.0000000e+00   1.4960200e+02   1.9030887e+00   0.0000000e+00   9.0332200e+01   1.1786560e+00
   1.5794280e+02   3.5760000e+04   0.0000000e+00   1.0204980e+02   1.6080000e+04   0.0000000e+00   1.5794280e+02   1.5614557e+00   0.0000000e+00   1.0204980e+02   1.0866905e+00   0.0000000e+00   1.4846000e+02   2.8560000e+04   0.0000000e+00   9.2045200e+01   1.1340000e+04   0.0000000e+00   1.4846000e+02   1.8860299e+00   0.0000000e+00   9.2045200e+01   1.2078465e+00
   1.5613980e+02   3.5160000e+04   0.0000000e+00   1.0367250e+02   1.6560000e+04   0.0000000e+00   1.5613980e+02   1.5529849e+00   0.0000000e+00   1.0367250e+02   1.1016123e+00   0.0000000e+00   1.4617600e+02   2.7960000e+04   0.0000000e+00   9.3758200e+01   1.1820000e+04   0.0000000e+00   1.4617600e+02   1.8752575e+00   0.0000000e+00   9.3758200e+01   1.2359703e+00
   1.5451710e+02   3.4560000e+04   0.0000000e+00   1.0529520e+02   1.7040000e+04   0.0000000e+00   1.5451710e+02   1.5425142e+00   0.0000000e+00   1.0529520e+02   1.1160741e+00   0.0000000e+00   1.4503400e+02   2.7420000e+04   0.0000000e+00   9.5471200e+01   1.2300000e+04   0.0000000e+00   1.4503400e+02   1.8535208e+00   0.0000000e+00   9.5471200e+01   1.2630849e+00
   1.5271410e+02   3.3960000e+04   0.0000000e+00   1.0709820e+02   1.7640000e+04   0.0000000e+00   1.5271410e+02   1.5336298e+00   0.0000000e+00   1.0709820e+02   1.1359217e+00   0.0000000e+00   1.4275000e+02   2.6880000e+04   0.0000000e+00   9.7184200e+01   1.2780000e+04   0.0000000e+00   1.4275000e+02   1.8460905e+00   0.0000000e+00   9.7184200e+01   1.2892437e+00
   1.5109140e+02   3.3360000e+04   0.0000000e+00   1.0872090e+02   1.8120000e+04   0.0000000e+00   1.5109140e+02   1.5227138e+00   0.0000000e+00   1.0872090e+02   1.1494158e+00   0.0000000e+00   1.4160800e+02   2.6340000e+04   0.0000000e+00   9.8897200e+01   1.3320000e+04   0.0000000e+00   1.4160800e+02   1.8235926e+00   0.0000000e+00   9.8897200e+01   1.3204442e+00
   1.4946870e+02   3.2880000e+04   0.0000000e+00   1.1052390e+02   1.8720000e+04   0.0000000e+00   1.4946870e+02   1.5170977e+00   0.0000000e+00   1.1052390e+02   1.1681043e+00   0.0000000e+00   1.3932400e+02   2.5860000e+04   0.0000000e+00   1.0061020e+02   1.3860000e+04   0.0000000e+00   1.3932400e+02   1.8197110e+00   0.0000000e+00   1.0061020e+02   1.3505823e+00
   1.4766570e+02   3.2040000e+04   0.0000000e+00   1.1214660e+02   1.9320000e+04   0.0000000e+00   1.4766570e+02   1.4963903e+00   0.0000000e+00   1.1214660e+02   1.1881000e+00   0.0000000e+00   1.3818200e+02   2.5320000e+04   0.0000000e+00   1.0220900e+02   1.4340000e+04   0.0000000e+00   1.3818200e+02   1.7964373e+00   0.0000000e+00   1.0220900e+02   1.3754976e+00
   1.4604300e+02   3.1440000e+04   0.0000000e+00   1.1376930e+02   2.0040000e+04   0.0000000e+00   1.4604300e+02   1.4846832e+00   0.0000000e+00   1.1376930e+02   1.2147996e+00   0.0000000e+00   1.3589800e+02   2.4780000e+04   0.0000000e+00   1.0392200e+02   1.4880000e+04   0.0000000e+00   1.3589800e+02   1.7876729e+00   0.0000000e+00   1.0392200e+02   1.4037678e+00
   1.4424000e+02   3.0840000e+04   0.0000000e+00   1.1557230e+02   2.0640000e+04   0.0000000e+00   1.4424000e+02   1.4745539e+00   0.0000000e+00   1.1557230e+02   1.2316518e+00   0.0000000e+00   1.3475600e+02   2.4240000e+04   0.0000000e+00   1.0563500e+02   1.5420000e+04   0.0000000e+00   1.3475600e+02   1.7635360e+00   0.0000000e+00   1.0563500e+02   1.4311210e+00
   1.4261730e+02   3.0360000e+04   0.0000000e+00   1.1719500e+02   2.1360000e+04   0.0000000e+00   1.4261730e+02   1.4681200e+00   0.0000000e+00   1.1719500e+02   1.2569678e+00   0.0000000e+00   1.3247200e+02   2.3760000e+04   0.0000000e+00   1.0734800e+02   1.5960000e+04   0.0000000e+00   1.3247200e+02   1.7584182e+00   0.0000000e+00   1.0734800e+02   1.4576013e+00
   1.4099460e+02   2.9760000e+04   0.0000000e+00   1.1881770e+02   2.1960000e+04   0.0000000e+00   1.4099460e+02   1.4556684e+00   0.0000000e+00   1.1881770e+02   1.2746272e+00   0.0000000e+00   1.3133000e+02   2.3220000e+04   0.0000000e+00   1.0906100e+02   1.6500000e+04   0.0000000e+00   1.3133000e+02   1.7333972e+00   0.0000000e+00   1.0906100e+02   1.4832498e+00
   1.3919160e+02   2.9160000e+04   0.0000000e+00   1.2062070e+02   2.2680000e+04   0.0000000e+00   1.3919160e+02   1.4447959e+00   0.0000000e+00   1.2062070e+02   1.2967409e+00   0.0000000e+00   1.2904600e+02   2.2680000e+04   0.0000000e+00   1.1077400e+02   1.7040000e+04   0.0000000e+00   1.2904600e+02   1.7230518e+00   0.0000000e+00   1.1077400e+02   1.5081050e+00
   1.3756890e+02   2.8680000e+04   0.0000000e+00   1.2224340e+02   2.3280000e+04   0.0000000e+00   1.3756890e+02   1.4377748e+00   0.0000000e+00   1.2224340e+02   1.3133774e+00   0.0000000e+00   1.2790400e+02   2.2200000e+04   0.0000000e+00   1.1237280e+02   1.7580000e+04   0.0000000e+00   1.2790400e+02   1.7016439e+00   0.0000000e+00   1.1237280e+02   1.5337603e+00
   1.3576590e+02   2.8080000e+04   0.0000000e+00   1.2404640e+02   2.4000000e+04   0.0000000e+00   1.3576590e+02   1.4263904e+00   0.0000000e+00   1.2404640e+02   1.3343172e+00   0.0000000e+00   1.2562000e+02   2.1660000e+04   0.0000000e+00   1.1408580e+02   1.8120000e+04   0.0000000e+00   1.2562000e+02   1.6904390e+00   0.0000000e+00   1.1408580e+02   1.5571356e+00
   1.3414320e+02   2.7360000e+04   0.0000000e+00   1.2566910e+02   2.4720000e+04   0.0000000e+00   1.3414320e+02   1.4066286e+00   0.0000000e+00   1.2566910e+02   1.3566005e+00   0.0000000e+00   1.2447800e+02   2.1120000e+04   0.0000000e+00   1.1534200e+02   1.8660000e+04   0.0000000e+00   1.2447800e+02   1.6634170e+00   0.0000000e+00   1.1534200e+02   1.5860760e+00
   1.3252050e+02   2.6880000e+04   0.0000000e+00   1.2729180e+02   2.5320000e+04   0.0000000e+00   1.3252050e+02   1.3988727e+00   0.0000000e+00   1.2729180e+02   1.3718141e+00   0.0000000e+00   1.2219400e+02   2.0640000e+04   0.0000000e+00   1.1762600e+02   1.8780000e+04   0.0000000e+00   1.2219400e+02   1.6559974e+00   0.0000000e+00   1.1762600e+02   1.5652802e+00
   1.3071750e+02   2.6400000e+04   0.0000000e+00   1.2909480e+02   2.6040000e+04   0.0000000e+00   1.3071750e+02   1.3928431e+00   0.0000000e+00   1.2909480e+02   1.3911188e+00   0.0000000e+00   1.2105200e+02   2.0100000e+04   0.0000000e+00   1.1876800e+02   1.9140000e+04   0.0000000e+00   1.2105200e+02   1.6278857e+00   0.0000000e+00   1.1876800e+02   1.5799463e+00
   1.2909480e+02   2.5920000e+04   0.0000000e+00   1.3071750e+02   2.6640000e+04   0.0000000e+00   1.2909480e+02   1.3847081e+00   0.0000000e+00   1.3071750e+02   1.4055053e+00   0.0000000e+00   1.1876800e+02   1.9200000e+04   0.0000000e+00   1.2105200e+02   1.9680000e+04   0.0000000e+00   1.1876800e+02   1.5848991e+00   0.0000000e+00   1.2105200e+02   1.5938702e+00
   1.2729180e+02   2.5440000e+04   0.0000000e+00   1.3252050e+02   2.7360000e+04   0.0000000e+00   1.2729180e+02   1.3783156e+00   0.0000000e+00   1.3252050e+02   1.4238526e+00   0.0000000e+00   1.1762600e+02   1.8720000e+04   0.0000000e+00   1.2219400e+02   2.0160000e+04   0.0000000e+00   1.1762600e+02   1.5602793e+00   0.0000000e+00   1.2219400e+02   1.6174858e+00
   1.2566910e+02   2.4720000e+04   0.0000000e+00   1.3414320e+02   2.8080000e+04   0.0000000e+00   1.2566910e+02   1.3566005e+00   0.0000000e+00   1.3414320e+02   1.4436451e+00   0.0000000e+00   1.1534200e+02   1.8120000e+04   0.0000000e+00   1.2447800e+02   2.0700000e+04   0.0000000e+00   1.1534200e+02   1.5401767e+00   0.0000000e+00   1.2447800e+02   1.6303377e+00
   1.2404640e+02   2.4000000e+04   0.0000000e+00   1.3576590e+02   2.7840000e+04   0.0000000e+00   1.2404640e+02   1.3343172e+00   0.0000000e+00   1.3576590e+02   1.4141990e+00   0.0000000e+00   1.1408580e+02   1.7640000e+04   0.0000000e+00   1.2562000e+02   2.1240000e+04   0.0000000e+00   1.1408580e+02   1.5158870e+00   0.0000000e+00   1.2562000e+02   1.6576604e+00
   1.2224340e+02   2.3280000e+04   0.0000000e+00   1.3756890e+02   2.8440000e+04   0.0000000e+00   1.2224340e+02   1.3133774e+00   0.0000000e+00   1.3756890e+02   1.4257433e+00   0.0000000e+00   1.1237280e+02   1.7160000e+04   0.0000000e+00   1.2790400e+02   2.1780000e+04   0.0000000e+00   1.1237280e+02   1.4971176e+00   0.0000000e+00   1.2790400e+02   1.6694506e+00
   1.2062070e+02   2.2680000e+04   0.0000000e+00   1.3919160e+02   2.8920000e+04   0.0000000e+00   1.2062070e+02   1.2967409e+00   0.0000000e+00   1.3919160e+02   1.4329045e+00   0.0000000e+00   1.1077400e+02   1.6680000e+04   0.0000000e+00   1.2904600e+02   2.2380000e+04   0.0000000e+00   1.1077400e+02   1.4762436e+00   0.0000000e+00   1.2904600e+02   1.7002601e+00
   1.1881770e+02   2.1960000e+04   0.0000000e+00   1.4099460e+02   2.9520000e+04   0.0000000e+00   1.1881770e+02   1.2746272e+00   0.0000000e+00   1.4099460e+02   1.4439291e+00   0.0000000e+00   1.0906100e+02   1.6200000e+04   0.0000000e+00   1.3133000e+02   2.2920000e+04   0.0000000e+00   1.0906100e+02   1.4562816e+00   0.0000000e+00   1.3133000e+02   1.7110019e+00
   1.1719500e+02   2.1240000e+04   0.0000000e+00   1.4261730e+02   3.0120000e+04   0.0000000e+00   1.1719500e+02   1.2499062e+00   0.0000000e+00   1.4261730e+02   1.4565143e+00   0.0000000e+00   1.0734800e+02   1.5720000e+04   0.0000000e+00   1.3247200e+02   2.3520000e+04   0.0000000e+00   1.0734800e+02   1.4356825e+00   0.0000000e+00   1.3247200e+02   1.7406564e+00
   1.1557230e+02   2.0640000e+04   0.0000000e+00   1.4424000e+02   3.0720000e+04   0.0000000e+00   1.1557230e+02   1.2316518e+00   0.0000000e+00   1.4424000e+02   1.4688163e+00   0.0000000e+00   1.0563500e+02   1.5300000e+04   0.0000000e+00   1.3475600e+02   2.4060000e+04   0.0000000e+00   1.0563500e+02   1.4199839e+00   0.0000000e+00   1.3475600e+02   1.7504404e+00
   1.1376930e+02   2.0040000e+04   0.0000000e+00   1.4604300e+02   3.1200000e+04   0.0000000e+00   1.1376930e+02   1.2147996e+00   0.0000000e+00   1.4604300e+02   1.4733497e+00   0.0000000e+00   1.0392200e+02   1.4880000e+04   0.0000000e+00   1.3589800e+02   2.4660000e+04   0.0000000e+00   1.0392200e+02   1.4037678e+00   0.0000000e+00   1.3589800e+02   1.7790159e+00
   1.1214660e+02   1.9320000e+04   0.0000000e+00   1.4766570e+02   3.1920000e+04   0.0000000e+00   1.1214660e+02   1.1881000e+00   0.0000000e+00   1.4766570e+02   1.4907858e+00   0.0000000e+00   1.0220900e+02   1.4520000e+04   0.0000000e+00   1.3818200e+02   2.5200000e+04   0.0000000e+00   1.0220900e+02   1.3927633e+00   0.0000000e+00   1.3818200e+02   1.7879233e+00
   1.1052390e+02   1.8720000e+04   0.0000000e+00   1.4946870e+02   3.2520000e+04   0.0000000e+00   1.1052390e+02   1.1681043e+00   0.0000000e+00   1.4946870e+02   1.5004871e+00   0.0000000e+00   1.0061020e+02   1.3920000e+04   0.0000000e+00   1.3932400e+02   2.5740000e+04   0.0000000e+00   1.0061020e+02   1.3564290e+00   0.0000000e+00   1.3932400e+02   1.8112668e+00
   1.0872090e+02   1.8120000e+04   0.0000000e+00   1.5109140e+02   3.3120000e+04   0.0000000e+00   1.0872090e+02   1.1494158e+00   0.0000000e+00   1.5109140e+02   1.5117591e+00   0.0000000e+00   9.8897200e+01   1.3440000e+04   0.0000000e+00   1.4160800e+02   2.6280000e+04   0.0000000e+00   9.8897200e+01   1.3323401e+00   0.0000000e+00   1.4160800e+02   1.8194386e+00
   1.0709820e+02   1.7520000e+04   0.0000000e+00   1.5271410e+02   3.3720000e+04   0.0000000e+00   1.0709820e+02   1.1281944e+00   0.0000000e+00   1.5271410e+02   1.5227914e+00   0.0000000e+00   9.7184200e+01   1.2900000e+04   0.0000000e+00   1.4275000e+02   2.6820000e+04   0.0000000e+00   9.7184200e+01   1.3013493e+00   0.0000000e+00   1.4275000e+02   1.8419697e+00
   1.0529520e+02   1.6920000e+04   0.0000000e+00   1.5451710e+02   3.4320000e+04   0.0000000e+00   1.0529520e+02   1.1082144e+00   0.0000000e+00   1.5451710e+02   1.5318023e+00   0.0000000e+00   9.5471200e+01   1.2360000e+04   0.0000000e+00   1.4503400e+02   2.7300000e+04   0.0000000e+00   9.5471200e+01   1.2692463e+00   0.0000000e+00   1.4503400e+02   1.8454091e+00
   1.0367250e+02   1.6320000e+04   0.0000000e+00   1.5613980e+02   3.4920000e+04   0.0000000e+00   1.0367250e+02   1.0856469e+00   0.0000000e+00   1.5613980e+02   1.5423844e+00   0.0000000e+00   9.3758200e+01   1.1880000e+04   0.0000000e+00   1.4617600e+02   2.7840000e+04   0.0000000e+00   9.3758200e+01   1.2422443e+00   0.0000000e+00   1.4617600e+02   1.8672092e+00
   1.0204980e+02   1.5720000e+04   0.0000000e+00   1.5794280e+02   3.5520000e+04   0.0000000e+00   1.0204980e+02   1.0623616e+00   0.0000000e+00   1.5794280e+02   1.5509762e+00   0.0000000e+00   9.2045200e+01   1.1400000e+04   0.0000000e+00   1.4846000e+02   2.8560000e+04   0.0000000e+00   9.2045200e+01   1.2142372e+00   0.0000000e+00   1.4846000e+02   1.8860299e+00
   1.0024680e+02   1.5360000e+04   0.0000000e+00   1.5956550e+02   3.6120000e+04   0.0000000e+00   1.0024680e+02   1.0567024e+00   0.0000000e+00   1.5956550e+02   1.5611360e+00   0.0000000e+00   9.0332200e+01   1.0860000e+04   0.0000000e+00   1.4960200e+02   2.9100000e+04   0.0000000e+00   9.0332200e+01   1.1786560e+00   0.0000000e+00   1.4960200e+02   1.9070207e+00
   9.8624100e+01   1.5000000e+04   0.0000000e+00   1.6118820e+02   3.6720000e+04   0.0000000e+00   9.8624100e+01   1.0489148e+00   0.0000000e+00   1.6118820e+02   1.5710913e+00   0.0000000e+00   8.8733400e+01   1.0320000e+04   0.0000000e+00   1.5188600e+02   2.9760000e+04   0.0000000e+00   8.8733400e+01   1.1402298e+00   0.0000000e+00   1.5188600e+02   1.9209454e+00
   9.6821100e+01   1.4760000e+04   0.0000000e+00   1.6299120e+02   3.7440000e+04   0.0000000e+00   9.6821100e+01   1.0513525e+00   0.0000000e+00   1.6299120e+02   1.5841769e+00   0.0000000e+00   8.7020400e+01   9.9600000e+03   0.0000000e+00   1.5302800e+02   3.0240000e+04   0.0000000e+00   8.7020400e+01   1.1221169e+00   0.0000000e+00   1.5302800e+02   1.9373617e+00
   9.5198400e+01   1.4400000e+04   0.0000000e+00   1.6461390e+02   3.8040000e+04   0.0000000e+00   9.5198400e+01   1.0431934e+00   0.0000000e+00   1.6461390e+02   1.5936979e+00   0.0000000e+00   8.5307400e+01   9.4200000e+03   0.0000000e+00   1.5531200e+02   3.0780000e+04   0.0000000e+00   8.5307400e+01   1.0825900e+00   0.0000000e+00   1.5531200e+02   1.9429581e+00
   9.3575700e+01   1.4040000e+04   0.0000000e+00   1.6641690e+02   3.8640000e+04   0.0000000e+00   9.3575700e+01   1.0347514e+00   0.0000000e+00   1.6641690e+02   1.6012963e+00   0.0000000e+00   8.3594400e+01   8.9400000e+03   0.0000000e+00   1.5645400e+02   3.1380000e+04   0.0000000e+00   8.3594400e+01   1.0484800e+00   0.0000000e+00   1.5645400e+02   1.9663739e+00
   9.1772700e+01   1.3680000e+04   0.0000000e+00   1.6803960e+02   3.9240000e+04   0.0000000e+00   9.1772700e+01   1.0280272e+00   0.0000000e+00   1.6803960e+02   1.6104578e+00   0.0000000e+00   8.1881400e+01   8.5200000e+03   0.0000000e+00   1.5873800e+02   3.1920000e+04   0.0000000e+00   8.1881400e+01   1.0201268e+00   0.0000000e+00   1.5873800e+02   1.9714320e+00
   9.0150000e+01   1.3320000e+04   0.0000000e+00   1.6966230e+02   3.9960000e+04   0.0000000e+00   9.0150000e+01   1.0189913e+00   0.0000000e+00   1.6966230e+02   1.6243220e+00   0.0000000e+00   8.0168400e+01   8.1000000e+03   0.0000000e+00   1.5988000e+02   3.2460000e+04   0.0000000e+00   8.0168400e+01   9.9056193e-01   0.0000000e+00   1.5988000e+02   1.9904634e+00
   8.8347000e+01   1.3080000e+04   0.0000000e+00   1.7146530e+02   4.0560000e+04   0.0000000e+00   8.8347000e+01   1.0210522e+00   0.0000000e+00   1.7146530e+02   1.6313746e+00   0.0000000e+00   7.8569600e+01   7.8000000e+03   0.0000000e+00   1.6102200e+02   3.3000000e+04   0.0000000e+00   7.8569600e+01   9.7328468e-01   0.0000000e+00   1.6102200e+02   2.0092249e+00
   8.6724300e+01   1.2720000e+04   0.0000000e+00   1.7308800e+02   4.1160000e+04   0.0000000e+00   8.6724300e+01   1.0115289e+00   0.0000000e+00   1.7308800e+02   1.6399870e+00   0.0000000e+00   7.6856600e+01   7.5600000e+03   0.0000000e+00   1.6330600e+02   3.3600000e+04   0.0000000e+00   7.6856600e+01   9.6436281e-01   0.0000000e+00   1.6330600e+02   2.0171443e+00
   8.5101600e+01   1.2480000e+04   0.0000000e+00   1.7489100e+02   4.1880000e+04   0.0000000e+00   8.5101600e+01   1.0113672e+00   0.0000000e+00   1.7489100e+02   1.6514720e+00   0.0000000e+00   7.5143600e+01   7.3200000e+03   0.0000000e+00   1.6444800e+02   3.4200000e+04   0.0000000e+00   7.5143600e+01   9.5503417e-01   0.0000000e+00   1.6444800e+02   2.0389066e+00
   8.3298600e+01   1.2120000e+04   0.0000000e+00   1.7651370e+02   4.2480000e+04   0.0000000e+00   8.3298600e+01   1.0034527e+00   0.0000000e+00   1.7651370e+02   1.6597325e+00   0.0000000e+00   7.3430600e+01   7.0800000e+03   0.0000000e+00   1.6673200e+02   3.4800000e+04   0.0000000e+00   7.3430600e+01   9.4527029e-01   0.0000000e+00   1.6673200e+02   2.0462567e+00
   8.1675900e+01   1.1844000e+04   0.0000000e+00   1.7813640e+02   4.2960000e+04   0.0000000e+00   8.1675900e+01   1.0000840e+00   0.0000000e+00   1.7813640e+02   1.6631966e+00   0.0000000e+00   7.1717600e+01   6.9000000e+03   0.0000000e+00   1.6787400e+02   3.5340000e+04   0.0000000e+00   7.1717600e+01   9.4324209e-01   0.0000000e+00   1.6787400e+02   2.0638728e+00
   7.9872900e+01   1.1532000e+04   0.0000000e+00   1.7993940e+02   4.3680000e+04   0.0000000e+00   7.9872900e+01   9.9571988e-01   0.0000000e+00   1.7993940e+02   1.6741268e+00   0.0000000e+00   7.0004600e+01   6.6600000e+03   0.0000000e+00   1.7015800e+02   3.5940000e+04   0.0000000e+00   7.0004600e+01   9.3271182e-01   0.0000000e+00   1.7015800e+02   2.0707398e+00
